x  y 
214,744602422  101,07672522
244,760400211  63,095734448
276,35597683  41,5532169221
306,898367562  25,6626987327
335,334386519  16,7207523245
370,0895208  10,6636768725
410,637177462  6,11007458456
448,551869405  3,89670630675
488,572933123  2,79583558297
527,540810953  1,39375374235
569,668246445  1
615,481832543  0,651558610364
663,92838336  0,0898438537235
717,114270669  0,209377607319
763,981042654  0,148625395482
808,214849921  0,129308748059
868,773038441  0,188112911249
925,118483412  0,0824667861422
992,5223802  0,0702282146558
1056,24012638  0,0328306188957
1120,48446551  0,0331841144493
1202,63296472  0,0350095111427
